{
  "asset": {
    "version": "2.0",
    "generator": "THREE.GLTFExporter"
  },
  "scenes": [
    {
      "nodes": [
        170
      ],
      "name": "AuxScene"
    }
  ],
  "scene": 0,
  "nodes": [
    {
      "matrix": [
        0.20415518700240343,
        -0.0450777773442807,
        0.9779001245575715,
        0,
        -0.9768544467484981,
        0.05576749894571864,
        0.2065075686967074,
        0,
        0.06384394636690127,
        0.9974256764546615,
        0.03264920307238017,
        0,
        -61.544952392578125,
        28.188949584960938,
        170.0283203125,
        1
      ],
      "name": "Group_120",
      "mesh": 0
    },
    {
      "matrix": [
        -0.39306631696185396,
        -0.004938590807470479,
        0.9194972517885768,
        0,
        0.9172912004011007,
        -0.07153746690281004,
        0.39173904951438104,
        0,
        0.06384383490507539,
        0.9974256876517387,
        0.03264907896204683,
        0,
        -72.31890869140625,
        29.443984985351562,
        234.255126953125,
        1
      ],
      "name": "Group_119",
      "mesh": 1
    },
    {
      "matrix": [
        0.37068273194100687,
        -0.05407680053183202,
        0.9271837862400459,
        0,
        0.926562415502045,
        -0.04709271238041947,
        -0.37318093331765273,
        0,
        0.06384404167869658,
        0.9974255548169787,
        0.03264908148182116,
        0,
        -74.68324279785156,
        33.274261474609375,
        155.4765625,
        1
      ],
      "name": "Group_124",
      "mesh": 2
    },
    {
      "matrix": [
        0.37016403764939915,
        0.2903241393647478,
        0.8824348103905911,
        0,
        -0.9265626502125223,
        0.047092622659450856,
        0.3731811604848179,
        0,
        -0.06678730581260273,
        0.9557690398853944,
        -0.2864353969003115,
        0,
        -77.49014282226562,
        30.578643798828125,
        145.74853515625,
        1
      ],
      "name": "Group_125",
      "mesh": 3
    },
    {
      "matrix": [
        0.9774329739112878,
        -0.10963875141448422,
        1.4381284826728522,
        0,
        -2.7326503532904347,
        -0.4853745473748821,
        1.8202592700678335,
        0,
        -0.1501800591700635,
        1.720078883516399,
        0.23320464549635042,
        0,
        -73.1739501953125,
        36.17558288574219,
        150.27783203125,
        1
      ],
      "name": "Group_126",
      "mesh": 4
    },
    {
      "matrix": [
        0.37016383716289236,
        0.2903241883993364,
        0.8824342704469684,
        0,
        0.9265626349748612,
        -0.047092479608906605,
        -0.3731812163699018,
        0,
        -0.06678753578547789,
        0.9557690986674016,
        -0.28643556331821096,
        0,
        -79.63339233398438,
        30.687576293945312,
        146.611572265625,
        1
      ],
      "name": "Group_123",
      "mesh": 5
    },
    {
      "matrix": [
        2.44213668934279,
        -0.13941922354635838,
        -0.5162695487347354,
        0,
        0.0638441094067013,
        0.997425669809348,
        0.03264908726808387,
        0,
        -0.3511472796702356,
        0.07753366525008064,
        -1.6819882958071526,
        0,
        -41.68888854980469,
        27.058212280273438,
        164.92578125,
        1
      ],
      "name": "Group_122",
      "mesh": 6
    },
    {
      "matrix": [
        -0.053890332012032305,
        -0.029222354142511675,
        0.9981191743143714,
        0,
        0.9460249166340223,
        -0.32140493447217816,
        0.04166775781993623,
        0,
        0.3195827216461384,
        0.9464908723136769,
        0.04496568304987636,
        0,
        -68.54916381835938,
        20.461700439453125,
        206.1259765625,
        1
      ],
      "name": "Group_118",
      "mesh": 7
    },
    {
      "matrix": [
        0.219196237229976,
        -0.010686406073583848,
        0.6781758749356075,
        0,
        -0.95113403663116,
        -0.03417005833399567,
        0.30688182004668635,
        0,
        -0.04577147278130918,
        1.6388576165408466,
        0.04061842010510037,
        0,
        -139.18746948242188,
        64.32275390625,
        75.6943359375,
        1
      ],
      "name": "Group_113",
      "mesh": 8
    },
    {
      "matrix": [
        -0.05389032130350938,
        -0.02922239521671145,
        0.998119113973035,
        0,
        0.9880016162919275,
        0.14332414103809443,
        0.05754022585066061,
        0,
        -0.14473607964619864,
        0.9892445128975128,
        0.02114799725805144,
        0,
        -65.587158203125,
        20.059661865234375,
        206.693603515625,
        1
      ],
      "name": "Group_116",
      "mesh": 9
    },
    {
      "matrix": [
        0.37068273194100687,
        -0.05407680053183202,
        0.9271837862400459,
        0,
        0.926562415502045,
        -0.04709271238041947,
        -0.37318093331765273,
        0,
        0.06384404167869658,
        0.9974255548169787,
        0.03264908148182116,
        0,
        -67.86849975585938,
        31.348526000976562,
        195.393310546875,
        1
      ],
      "name": "Group_115",
      "mesh": 10
    },
    {
      "matrix": [
        0.6104044737023087,
        -0.023392706430276432,
        1.6317073825114898,
        0,
        -3.0395701650953386,
        -0.7123962192964212,
        1.1268578980479491,
        0,
        -0.3422820123775148,
        1.701533416583806,
        0.1524378365780685,
        0,
        -141.98681640625,
        46.28477478027344,
        46.036376953125,
        1
      ],
      "name": "Group_108",
      "mesh": 11
    },
    {
      "matrix": [
        0.12307803201914598,
        0.32243426262973945,
        0.9385561815353118,
        0,
        0.9895968490797239,
        0.031119723406277444,
        -0.14046223373775163,
        0,
        -0.07449744109279445,
        0.9460799988423254,
        -0.3152497572295564,
        0,
        -146.90809631347656,
        40.26054382324219,
        41.058837890625,
        1
      ],
      "name": "Group_106",
      "mesh": 12
    },
    {
      "matrix": [
        0.22603964767039086,
        -0.017424652323201614,
        0.973962186105382,
        0,
        -0.9544409454276387,
        -0.2039087844466598,
        0.21786108165093582,
        0,
        -0.3019452399805325,
        1.5171943707404565,
        0.09721956501869454,
        0,
        -66.73892211914062,
        18.0601806640625,
        173.05126953125,
        1
      ],
      "name": "Group_117",
      "mesh": 13
    },
    {
      "matrix": [
        -0.23110873312182995,
        0.03371511672340158,
        -1.620758723855519,
        0,
        -1.1939323849102095,
        -0.03754540804323118,
        0.1694652936630455,
        0,
        0.03466251651655884,
        -1.2410958355026493,
        -0.030759977104587093,
        0,
        -142.1063995361328,
        32.368011474609375,
        63.133544921875,
        1
      ],
      "name": "Group_114",
      "mesh": 14
    },
    {
      "matrix": [
        0.39245245326607214,
        -0.011833422026465428,
        0.919696103525126,
        0,
        -0.8807993013156992,
        -0.2928211924991072,
        0.37208678885949487,
        0,
        -0.41060040477192955,
        1.4819459987163424,
        0.19427898835623023,
        0,
        -136.96859741210938,
        28.526107788085938,
        68.689453125,
        1
      ],
      "name": "Group_112",
      "mesh": 15
    },
    {
      "matrix": [
        0.3108323889051434,
        -0.014872487564086607,
        0.950348312942098,
        0,
        -0.9500548754874915,
        -0.03422229202689986,
        0.31020085153150806,
        0,
        -0.027909637522460486,
        0.999303460280766,
        0.024767074629185364,
        0,
        -133.41268920898438,
        39.467010498046875,
        65.155029296875,
        1
      ],
      "name": "Group_109",
      "mesh": 16
    },
    {
      "matrix": [
        2.3751372582520753,
        0.08555542422432172,
        -0.775502718203856,
        0,
        -0.027909656641579232,
        0.9993035309470928,
        0.024766608438314956,
        0,
        -0.534632077082245,
        0.025579894463102413,
        -1.6345991280962962,
        0,
        -114.19833374023438,
        40.15547180175781,
        57.949951171875,
        1
      ],
      "name": "Group_111",
      "mesh": 17
    },
    {
      "matrix": [
        -0.13007743254152138,
        -0.04667898868132391,
        1.736810153626891,
        0,
        3.2708888306811046,
        -0.513951835701158,
        0.23115829238095537,
        0,
        0.2656900581936403,
        1.7206519831327847,
        0.06614342668765143,
        0,
        -148.323974609375,
        46.08549499511719,
        46.935791015625,
        1
      ],
      "name": "Group_107",
      "mesh": 18
    },
    {
      "matrix": [
        0.1411346975815439,
        -0.020589329792906275,
        0.9897763964935912,
        0,
        -0.9895967976315411,
        -0.031119782711558103,
        0.14046173437210288,
        0,
        -0.027909610092553914,
        0.9993034576174749,
        0.024767212997757013,
        0,
        -144.45321655273438,
        43.275665283203125,
        50.78857421875,
        1
      ],
      "name": "Group_105",
      "mesh": 19
    },
    {
      "matrix": [
        0.3108326561897302,
        -0.01487270774810348,
        0.9503481593561969,
        0,
        0.9500547862065791,
        0.0342222206000784,
        -0.31020113285281636,
        0,
        -0.027909495227851293,
        0.9993035189998069,
        0.024767272386015293,
        0,
        -148.62782287597656,
        38.9189453125,
        70.122802734375,
        1
      ],
      "name": "Group_101",
      "mesh": 20
    },
    {
      "matrix": [
        0.29021416401704303,
        0.013260462479129764,
        0.9568698444086994,
        0,
        0.9334134453026235,
        -0.2243766915717044,
        -0.27999049774272045,
        0,
        0.3270290552757314,
        1.5103392047447342,
        -0.12011692176633632,
        0,
        -142.7313995361328,
        28.731216430664062,
        70.51025390625,
        1
      ],
      "name": "Group_098",
      "mesh": 21
    },
    {
      "matrix": [
        -1.1457593043561403,
        0.1671481968595591,
        -1.1578871802171795,
        0,
        -0.8441770871989321,
        0.12315227034462042,
        0.8531128498412317,
        0,
        -0.17928478943643922,
        -1.2289518359569829,
        1.1418977562522702e-7,
        0,
        116.14581298828125,
        12.772186279296875,
        102.97705078125,
        1
      ],
      "name": "Group_095",
      "mesh": 22
    },
    {
      "matrix": [
        0.1411346975815439,
        -0.020589329792906275,
        0.9897763964935912,
        0,
        -0.9895967976315411,
        -0.031119782711558103,
        0.14046173437210288,
        0,
        -0.027909610092553914,
        0.9993034576174749,
        0.024767212997757013,
        0,
        -130.45069885253906,
        42.54142761230469,
        88.826416015625,
        1
      ],
      "name": "Group_096",
      "mesh": 23
    },
    {
      "matrix": [
        -2.3751372558296695,
        -0.08555549864286743,
        0.7755027174129203,
        0,
        -0.027909528311887147,
        0.9993035819175248,
        0.02476710310498419,
        0,
        -0.5346321022521737,
        0.025580769714090967,
        -1.6345991061668432,
        0,
        -168.39096069335938,
        38.20338439941406,
        75.644287109375,
        1
      ],
      "name": "Group_103",
      "mesh": 24
    },
    {
      "matrix": [
        0.7995480797818811,
        0.007446059866603844,
        0.6005561278749577,
        0,
        -0.5999536098104116,
        -0.03656393810988764,
        0.7991992616120325,
        0,
        -0.0279095676665816,
        0.9993035157290877,
        0.024767322722961678,
        0,
        -107.21451568603516,
        41.493896484375,
        120.332763671875,
        1
      ],
      "name": "Group_100",
      "mesh": 25
    },
    {
      "matrix": [
        0.12307776187752939,
        0.32243425759795996,
        0.9385563457025216,
        0,
        -0.9895968966826394,
        -0.03111966668861821,
        0.1404619109270533,
        0,
        -0.07449729261730542,
        0.946080184694956,
        -0.3152498017767017,
        0,
        -144.61904907226562,
        40.33251953125,
        40.734130859375,
        1
      ],
      "name": "Group_104",
      "mesh": 26
    },
    {
      "matrix": [
        0.5446714171888932,
        -0.0055728747181410495,
        0.8386313058800235,
        0,
        -0.8024010782263475,
        -0.2942772823049084,
        0.5191851996842226,
        0,
        -0.2438967002525672,
        0.955703660781694,
        0.16475604616080533,
        0,
        -124.62393951416016,
        31.913421630859375,
        98.168212890625,
        1
      ],
      "name": "Group_099",
      "mesh": 27
    },
    {
      "matrix": [
        0.544671834480008,
        -0.005572795877791821,
        0.8386310353829642,
        0,
        -0.8256710693080418,
        0.1716772084564722,
        0.5373954445066235,
        0,
        0.1469686214373926,
        0.9851374876214561,
        -0.08890643843770851,
        0,
        -126.91117095947266,
        31.606903076171875,
        100.151123046875,
        1
      ],
      "name": "Group_097",
      "mesh": 28
    },
    {
      "matrix": [
        -0.4514909905946009,
        0.0658655453454712,
        0.5476326253321933,
        0,
        0.7602365061759742,
        -0.11090655510296976,
        0.6401095146242861,
        0,
        0.2367443779193259,
        1.6228220082898501,
        -1.8784517146091095e-7,
        0,
        -114.06604766845703,
        60.63995361328125,
        308.553466796875,
        1
      ],
      "name": "Group_189",
      "mesh": 29
    },
    {
      "matrix": [
        0.8101742653370327,
        -0.11819166507818622,
        -1.4181166370421783,
        0,
        1.0339015065225707,
        -0.15082997923911362,
        0.6032418050267263,
        0,
        -0.17928474753384843,
        -1.2289518420699181,
        -1.699734891943319e-8,
        0,
        -110.86394500732422,
        27.670257568359375,
        299.059326171875,
        1
      ],
      "name": "Group_190",
      "mesh": 30
    },
    {
      "matrix": [
        -0.6997004650677532,
        0.10207533695275306,
        0.7071066997065943,
        0,
        0.6384964315373245,
        -0.3547052985450281,
        0.6830127803329783,
        0,
        0.4968265264289043,
        1.4405536256970055,
        0.28366971341382996,
        0,
        -118.12344360351562,
        24.843582153320312,
        302.42578125,
        1
      ],
      "name": "Group_188",
      "mesh": 31
    },
    {
      "matrix": [
        -0.5213013578060343,
        0.0760496151549235,
        1.660744162343133,
        0,
        -3.1656401392323232,
        -0.14368225732652662,
        -0.9871029865430369,
        0,
        -0.049275895509746606,
        1.739004633838289,
        -0.09510087584443834,
        0,
        -97.45472717285156,
        39.3370361328125,
        285.895751953125,
        1
      ],
      "name": "Group_183",
      "mesh": 32
    },
    {
      "matrix": [
        -1.1625318005923169,
        0.16959500793470253,
        1.286610890543205,
        0,
        2.2989849163443816,
        -0.9408856129556631,
        2.2012969096907913,
        0,
        0.47720496696003156,
        1.6621993369198254,
        0.21208062341401734,
        0,
        -102.94246673583984,
        40.13761901855469,
        282.69384765625,
        1
      ],
      "name": "Group_184",
      "mesh": 33
    },
    {
      "matrix": [
        -1.8950523648222501,
        0.27645798522823656,
        -1.606969537130166,
        0,
        0.14435595703959112,
        0.9895259451301682,
        1.564172131140111e-7,
        0,
        1.094014658772157,
        -0.15959897541326745,
        -1.317596524713785,
        0,
        -133.70126342773438,
        37.94938659667969,
        283.593994140625,
        1
      ],
      "name": "Group_187",
      "mesh": 34
    },
    {
      "matrix": [
        -0.49476313766466684,
        0.0721780138787333,
        0.8660252721028039,
        0,
        0.8569543150306711,
        -0.12501629442231255,
        0.5000002280791751,
        0,
        0.14435629379603587,
        0.9895257755316105,
        1.936438687177855e-7,
        0,
        -102.79139709472656,
        37.265228271484375,
        288.1204833984375,
        1
      ],
      "name": "Group_181",
      "mesh": 35
    },
    {
      "matrix": [
        1.8950524124579318,
        -0.27645796237520215,
        1.6069687430593291,
        0,
        0.14435604767928306,
        0.9895258114361731,
        8.17675854108968e-9,
        0,
        1.0940141296026626,
        -0.15959921737852373,
        -1.3175966235464984,
        0,
        -90.46258544921875,
        31.64154052734375,
        320.259765625,
        1
      ],
      "name": "Group_179",
      "mesh": 36
    },
    {
      "matrix": [
        -0.6360545957579502,
        0.0927904501390982,
        0.7660447007702453,
        0,
        0.7580210122815285,
        -0.11058312944523974,
        0.6427873026295591,
        0,
        0.14435614346080933,
        0.9895257974631492,
        -2.0324755700684705e-7,
        0,
        -118.7109375,
        35.78955078125,
        297.457763671875,
        1
      ],
      "name": "Group_185",
      "mesh": 37
    },
    {
      "matrix": [
        -0.8095801258825157,
        0.11810516999138697,
        0.5750052777045348,
        0,
        0.5865624653785488,
        0.12454227545380805,
        0.8002713119130546,
        0,
        0.02290371228428288,
        0.9851602040146827,
        -0.17010300058476394,
        0,
        -138.5091552734375,
        31.432571411132812,
        327.7535400390625,
        1
      ],
      "name": "Group_173",
      "mesh": 38
    },
    {
      "matrix": [
        -0.415552239679898,
        0.4062630045575795,
        0.8137978530590148,
        0,
        -0.856954685074901,
        0.12501605818687603,
        -0.4999998913421743,
        0,
        0.30486916702741373,
        0.9051636878099354,
        -0.2961981938787648,
        0,
        -97.35478973388672,
        33.25291442871094,
        280.112548828125,
        1
      ],
      "name": "Group_182",
      "mesh": 39
    },
    {
      "matrix": [
        -0.636055121107163,
        0.09279040381737691,
        0.7660442701781409,
        0,
        -0.7580205561030816,
        0.11058327359024989,
        -0.642787815789347,
        0,
        0.14435622410733567,
        0.9895257856981154,
        2.397319565083933e-8,
        0,
        -106.57122802734375,
        34.0185546875,
        307.7520751953125,
        1
      ],
      "name": "Group_177",
      "mesh": 40
    },
    {
      "matrix": [
        -0.9558083671523482,
        0.13943721728188765,
        0.2588189909771084,
        0,
        0.2561080717147629,
        -0.03736219584648902,
        0.9659257132437821,
        0,
        0.144356082406875,
        0.9895258063699646,
        1.0256195315250238e-7,
        0,
        -162.78573608398438,
        44.90843200683594,
        338.8013916015625,
        1
      ],
      "name": "Group_176",
      "mesh": 41
    },
    {
      "matrix": [
        -0.41555171782434736,
        0.40626307842245185,
        0.8137976432055118,
        0,
        0.856954739770322,
        -0.1250161237957672,
        0.49999954277605185,
        0,
        0.30486923488057177,
        0.9051635783267276,
        -0.29619845861314453,
        0,
        -99.3370132446289,
        33.542083740234375,
        278.9560546875,
        1
      ],
      "name": "Group_180",
      "mesh": 42
    },
    {
      "matrix": [
        -0.8095801449657396,
        0.11810518767649411,
        0.5750053508630623,
        0,
        0.5122328515797524,
        -0.33628528950489,
        0.7902719214454531,
        0,
        0.28670105447962435,
        0.9343250872723653,
        0.2117525363573215,
        0,
        -139.85328674316406,
        31.824066162109375,
        325.0521240234375,
        1
      ],
      "name": "Group_175",
      "mesh": 43
    },
    {
      "matrix": [
        -0.6158377045709532,
        0.11899673413132589,
        0.7788348341560345,
        0,
        -0.7867708890506511,
        -0.145151043484024,
        -0.5999355161254092,
        0,
        -0.06457041053965774,
        1.522452881442712,
        -0.2836696620148788,
        0,
        -113.45047760009766,
        24.577117919921875,
        306.254638671875,
        1
      ],
      "name": "Group_174",
      "mesh": 44
    },
    {
      "matrix": [
        -1.6628800960808852,
        0.37190363863782816,
        0.3634937515214427,
        0,
        -0.9517181648425894,
        -1.532182923998486,
        -2.7862068733300944,
        0,
        0.1443958070656263,
        1.500135048509363,
        -0.8742729913007992,
        0,
        -4.5192718505859375,
        26.78265380859375,
        -148.37103271484375,
        1
      ],
      "name": "Group_165",
      "mesh": 45
    },
    {
      "matrix": [
        -0.9413188075050246,
        0.22678187375610173,
        0.24997752931754483,
        0,
        -0.33401884228631923,
        -0.5195435719147713,
        -0.7864513026635426,
        0,
        0.07514196753642939,
        1.2768880303961874,
        -0.8754487390625353,
        0,
        -30.008270263671875,
        14.47393798828125,
        -141.1236572265625,
        1
      ],
      "name": "Group_169",
      "mesh": 46
    },
    {
      "matrix": [
        -0.6882434188950187,
        0.14233891048815417,
        0.11893104246205236,
        0,
        -0.22349996309731668,
        -0.30799171870704867,
        -0.9247642227634978,
        0,
        0.21857494956504783,
        1.5255217427729681,
        -0.5608992474788447,
        0,
        -31.146026611328125,
        48.119720458984375,
        -155.33837890625,
        1
      ],
      "name": "Group_170",
      "mesh": 47
    },
    {
      "matrix": [
        -0.9647628987187239,
        0.20076353278151376,
        0.17007737869089595,
        0,
        -0.22686889410706665,
        -0.3072927664403036,
        -0.924176464435941,
        0,
        0.13327735987500133,
        0.9301962652410352,
        -0.34201159960897937,
        0,
        -25.144744873046875,
        25.475296020507812,
        -140.7286376953125,
        1
      ],
      "name": "Group_166",
      "mesh": 48
    },
    {
      "matrix": [
        0.56717343355816,
        0.768232302467706,
        2.310440351492322,
        0,
        0.13327709883104608,
        0.9301962637874404,
        -0.3420118795642422,
        0,
        1.6593921531245506,
        -0.3453132301933932,
        -0.2925340040769863,
        0,
        -19.6405029296875,
        31.5762939453125,
        -121.91217041015625,
        1
      ],
      "name": "Group_168",
      "mesh": 49
    },
    {
      "matrix": [
        -0.49476313766466684,
        0.0721780138787333,
        0.8660252721028039,
        0,
        0.8569543150306711,
        -0.12501629442231255,
        0.5000002280791751,
        0,
        0.14435629379603587,
        0.9895257755316105,
        1.936438687177855e-7,
        0,
        -129.706787109375,
        41.00738525390625,
        318.204345703125,
        1
      ],
      "name": "Group_172",
      "mesh": 50
    },
    {
      "matrix": [
        1.6203086670173483,
        -0.23637763094624134,
        -0.011482392646087686,
        0,
        -0.0674339908299214,
        -0.40717193990426503,
        -1.1336958813518567,
        0,
        -0.16552523653742962,
        -1.1552670746220184,
        0.42476502833364516,
        0,
        -23.492645263671875,
        15.728500366210938,
        -146.41485595703125,
        1
      ],
      "name": "Group_171",
      "mesh": 51
    },
    {
      "matrix": [
        -0.8842436304733923,
        0.45379312102914066,
        -0.11038571136640377,
        0,
        0.05589286960063606,
        0.3374863757850719,
        0.9396694604320706,
        0,
        0.46366926612642634,
        0.8247270592813786,
        -0.3237840164969097,
        0,
        -0.1240997314453125,
        18.931495666503906,
        -150.45098876953125,
        1
      ],
      "name": "Group_163",
      "mesh": 52
    },
    {
      "matrix": [
        -1.7047025586904248,
        0.11937366861285892,
        -0.33962936447729164,
        0,
        -0.5953003621908997,
        0.6199013119645554,
        3.205876930220787,
        0,
        0.17873438943848197,
        1.7074748970759237,
        -0.2969749939869469,
        0,
        -4.877197265625,
        24.6214599609375,
        -154.38848876953125,
        1
      ],
      "name": "Group_164",
      "mesh": 53
    },
    {
      "matrix": [
        -0.88424364824176,
        0.45379312936111926,
        -0.11038553478035532,
        0,
        -0.055893121043348155,
        -0.3374864972516,
        -0.939669465282124,
        0,
        0.4636691470588935,
        0.8247269149079755,
        -0.3237841865710646,
        0,
        0.00518798828125,
        19.712142944335938,
        -148.27740478515625,
        1
      ],
      "name": "Group_161",
      "mesh": 54
    },
    {
      "matrix": [
        -0.9895014630015845,
        0.14435264274367537,
        0.0070120789100455855,
        0,
        -0.05589289894798057,
        -0.33748650415613735,
        -0.9396694760129086,
        0,
        0.13327729811375577,
        0.93019630211466,
        -0.34201169766502015,
        0,
        -9.4453125,
        23.716140747070312,
        -150.3841552734375,
        1
      ],
      "name": "Group_162",
      "mesh": 55
    },
    {
      "matrix": [
        -0.5671725314160803,
        -0.7682322915336954,
        -2.3104403186085465,
        0,
        0.13327752446536326,
        0.9301960779171813,
        -0.3420118706730994,
        0,
        1.6593919554009218,
        -0.34531371424231916,
        -0.29253315245679146,
        0,
        -32.581451416015625,
        14.047821044921875,
        -174.62860107421875,
        1
      ],
      "name": "Group_160",
      "mesh": 56
    },
    {
      "matrix": [
        -0.9895014630015845,
        0.14435264274367537,
        0.0070120789100455855,
        0,
        -0.05589289894798057,
        -0.33748650415613735,
        -0.9396694760129086,
        0,
        0.13327729811375577,
        0.93019630211466,
        -0.34201169766502015,
        0,
        -48.21913528442383,
        32.13426208496094,
        -142.06494140625,
        1
      ],
      "name": "Group_153",
      "mesh": 57
    },
    {
      "matrix": [
        -0.9649949767838262,
        0.22112845108963153,
        0.14102050805254432,
        0,
        0.1584499937469437,
        0.06308066550549281,
        0.9853497204003973,
        0,
        0.3239395116992121,
        1.508463768470187,
        -0.14866103777816878,
        0,
        -31.26043701171875,
        12.989486694335938,
        -146.85040283203125,
        1
      ],
      "name": "Group_155",
      "mesh": 58
    },
    {
      "matrix": [
        -0.9647629881097495,
        0.2007637177938825,
        0.1700773541395935,
        0,
        0.22686890189134426,
        0.30729272450073514,
        0.9241764764701305,
        0,
        0.13327754000852024,
        0.9301962997742178,
        -0.3420116097673147,
        0,
        -28.778045654296875,
        20.553985595703125,
        -155.52935791015625,
        1
      ],
      "name": "Group_158",
      "mesh": 59
    },
    {
      "matrix": [
        -0.660160980549163,
        0.34071169427678955,
        0.6694048863984496,
        0,
        -0.7392052041782123,
        -0.13656628871117096,
        -0.6594883153372796,
        0,
        0.13327728001347372,
        0.9301963058619216,
        -0.3420116945267285,
        0,
        -81.42829895019531,
        42.5169677734375,
        -124.09210205078125,
        1
      ],
      "name": "Group_157",
      "mesh": 60
    },
    {
      "matrix": [
        -0.8739885683688392,
        0.27302835122450386,
        0.4019949982592208,
        0,
        -0.4858845247885662,
        -0.4777302821117106,
        -0.7319086312806046,
        0,
        0.007786619206702627,
        0.8350025273659907,
        -0.5501907936663178,
        0,
        -59.574554443359375,
        25.195526123046875,
        -134.50946044921875,
        1
      ],
      "name": "Group_156",
      "mesh": 61
    },
    {
      "matrix": [
        -0.8739884795625442,
        0.2730281260479628,
        0.40199475118300976,
        0,
        -0.4293910130048264,
        -0.04657756276835168,
        -0.9019167858495867,
        0,
        0.22752470057441013,
        0.960877756516932,
        -0.1579440674739842,
        0,
        -61.371856689453125,
        24.392189025878906,
        -136.82940673828125,
        1
      ],
      "name": "Group_154",
      "mesh": 62
    },
    {
      "matrix": [
        1.1457592216829742,
        -0.16714836610237507,
        -1.1578875747679058,
        0,
        -0.8604893736739218,
        -0.1900344454630161,
        -0.8240434639572364,
        0,
        0.05173807015925336,
        -1.2198879290829707,
        0.22729464492615117,
        0,
        -124.33406066894531,
        30.042831420898438,
        -73.2735595703125,
        1
      ],
      "name": "Group_152",
      "mesh": 63
    },
    {
      "matrix": [
        -0.40493689132857263,
        0.09080761182894694,
        0.5795376464757704,
        0,
        -0.8219090973454244,
        -0.13783849305747997,
        -0.5526897733199636,
        0,
        -0.06831989353848655,
        1.610853117323256,
        -0.30014093295660554,
        0,
        -132.68948364257812,
        63.21098327636719,
        -69.0955810546875,
        1
      ],
      "name": "Group_151",
      "mesh": 64
    },
    {
      "matrix": [
        -0.5652206466781836,
        0.12787601185844819,
        0.8149684561861686,
        0,
        -0.8238871903998902,
        -0.13739291676006196,
        -0.5498480203661487,
        0,
        -0.04165851632409438,
        0.9822274081872007,
        -0.1830126995729102,
        0,
        -120.6866683959961,
        38.48139953613281,
        -66.52447509765625,
        1
      ],
      "name": "Group_147",
      "mesh": 65
    },
    {
      "matrix": [
        -0.6717514381462723,
        0.4318611612694831,
        0.6018691050158698,
        0,
        0.7132209929049041,
        0.1575110038478113,
        0.6830128664848217,
        0,
        0.20016565118128188,
        0.8880802384095356,
        -0.4138205416025518,
        0,
        -109.77223205566406,
        34.846923828125,
        -91.64508056640625,
        1
      ],
      "name": "Group_144",
      "mesh": 66
    },
    {
      "matrix": [
        -0.4912635177196261,
        0.1393640429154481,
        0.8597893349482265,
        0,
        -0.8295872061787215,
        -0.3756601437480577,
        -0.41311562999210294,
        0,
        -0.4113935123421565,
        1.4201395077418941,
        -0.46525234855023256,
        0,
        -125.5998306274414,
        27.568634033203125,
        -65.25482177734375,
        1
      ],
      "name": "Group_150",
      "mesh": 67
    },
    {
      "matrix": [
        -0.9238096864731757,
        0.23262716319541413,
        1.458790482933617,
        0,
        -2.739573441977768,
        -1.0191608287778706,
        -1.5723710957124577,
        0,
        -0.3377337831731078,
        1.641729982393182,
        -0.4756767589311924,
        0,
        -110.76011657714844,
        41.99375915527344,
        -85.88043212890625,
        1
      ],
      "name": "Group_146",
      "mesh": 68
    },
    {
      "matrix": [
        -0.5652206753933552,
        0.12787616878274996,
        0.8149684116479109,
        0,
        0.8238871765181394,
        0.13739289314423517,
        0.5498480470674244,
        0,
        -0.041658406225809685,
        0.9822275081512506,
        -0.18301283949961134,
        0,
        -133.88124084472656,
        36.28105163574219,
        -75.33026123046875,
        1
      ],
      "name": "Group_139",
      "mesh": 69
    },
    {
      "matrix": [
        -0.33436744045710465,
        0.15890453035981322,
        0.9289498183396623,
        0,
        -0.8986578830532501,
        -0.3507075529940555,
        -0.26347270042897375,
        0,
        -0.2839227965354544,
        0.9229050447316838,
        -0.2600660732100378,
        0,
        -141.5077667236328,
        35.70976257324219,
        -38.54290771484375,
        1
      ],
      "name": "Group_137",
      "mesh": 70
    },
    {
      "matrix": [
        2.0597179571179884,
        0.3434822069233188,
        1.3746210760590456,
        0,
        -0.04165842527255417,
        0.9822274805785988,
        -0.18301265746046566,
        0,
        0.9721800887257659,
        -0.21994669793703447,
        -1.4017455738510336,
        0,
        -103.28460693359375,
        41.16032409667969,
        -55.9617919921875,
        1
      ],
      "name": "Group_149",
      "mesh": 71
    },
    {
      "matrix": [
        -1.4574895848437903,
        0.11476656598679406,
        0.9477146106147348,
        0,
        1.8084919151799201,
        -0.014745168318444616,
        2.7830639661352174,
        0,
        0.10044250295273083,
        1.738499054269309,
        -0.056058716311305955,
        0,
        -115.32743072509766,
        40.985107421875,
        -90.2542724609375,
        1
      ],
      "name": "Group_145",
      "mesh": 72
    },
    {
      "matrix": [
        -0.6717513521588068,
        0.4318610250989895,
        0.6018689025637265,
        0,
        -0.7132209091513115,
        -0.15751096801241232,
        -0.6830129622067097,
        0,
        0.2001656291086738,
        0.888079943311135,
        -0.4138203213653462,
        0,
        -108.12248229980469,
        35.21125793457031,
        -90.065185546875,
        1
      ],
      "name": "Group_142",
      "mesh": 73
    },
    {
      "matrix": [
        -0.6997003335164144,
        0.10207527803719786,
        0.7071073441469213,
        0,
        -0.7132210773997811,
        -0.15751095296051343,
        -0.6830123536517334,
        0,
        -0.04165846330492923,
        0.9822275407491167,
        -0.1830126515545154,
        0,
        -116.0172348022461,
        39.16999816894531,
        -84.427490234375,
        1
      ],
      "name": "Group_143",
      "mesh": 74
    },
    {
      "matrix": [
        -2.05971797061203,
        -0.34348208996431473,
        -1.3746210850647398,
        0,
        -0.04165847571044104,
        0.9822275651383452,
        -0.18301251783383682,
        0,
        0.9721802038731617,
        -0.2199464711920575,
        -1.401745822118497,
        0,
        -150.28041076660156,
        33.32322692871094,
        -87.32598876953125,
        1
      ],
      "name": "Group_141",
      "mesh": 75
    },
    {
      "matrix": [
        0.009560689281460588,
        0.18355524446563226,
        0.982962901359774,
        0,
        -0.9990862841399618,
        -0.03919900641418757,
        0.017037404677257315,
        0,
        -0.0416584740559039,
        0.9822276418992545,
        -0.1830127576071031,
        0,
        -148.56063842773438,
        49.91558837890625,
        -13.351806640625,
        1
      ],
      "name": "Group_138",
      "mesh": 76
    },
    {
      "matrix": [
        -0.334367678857913,
        0.15890448638581883,
        0.9289496758879595,
        0,
        -0.9296084217956697,
        0.10650737415627572,
        -0.35282375174510716,
        0,
        0.15500527699695815,
        0.9815323595506444,
        -0.11210633200954524,
        0,
        -144.4713592529297,
        35.28599548339844,
        -39.086181640625,
        1
      ],
      "name": "Group_135",
      "mesh": 77
    },
    {
      "matrix": [
        0.20415557422331918,
        -0.04507771067795291,
        0.9779002905975621,
        0,
        0.9768543122466627,
        -0.05576758671460536,
        -0.20650789260423494,
        0,
        0.06384403087346358,
        0.9974256748601634,
        0.03264908653508569,
        0,
        -77.18930053710938,
        29.082061767578125,
        173.3355712890625,
        1
      ],
      "name": "Group_128",
      "mesh": 78
    },
    {
      "matrix": [
        -0.6069931087337844,
        0.08855104752992903,
        -1.5182633840261077,
        0,
        1.1178828547717534,
        -0.05681649466597923,
        -0.45023699875119977,
        0,
        -0.07929176131746096,
        -1.238763307831438,
        -0.04054911453360368,
        0,
        -70.85911560058594,
        21.962806701660156,
        167.06591796875,
        1
      ],
      "name": "Group_133",
      "mesh": 79
    },
    {
      "matrix": [
        -0.6997003335164144,
        0.10207527803719786,
        0.7071073441469213,
        0,
        -0.7132210773997811,
        -0.15751095296051343,
        -0.6830123536517334,
        0,
        -0.04165846330492923,
        0.9822275407491167,
        -0.1830126515545154,
        0,
        -137.68991088867188,
        44.374542236328125,
        -50.56463623046875,
        1
      ],
      "name": "Group_134",
      "mesh": 80
    },
    {
      "matrix": [
        -0.5830785555144706,
        0.15329611022073697,
        0.7978215488774717,
        0,
        0.791086256458607,
        -0.11641584120302495,
        0.6005246762284617,
        0,
        0.28665268530584886,
        1.5210134537696596,
        -0.08275586497596411,
        0,
        -130.5511016845703,
        27.13519287109375,
        -68.69921875,
        1
      ],
      "name": "Group_136",
      "mesh": 81
    },
    {
      "matrix": [
        0.14795157338136852,
        -0.03226993238372462,
        0.6965290915715776,
        0,
        0.976135840112525,
        -0.055609669097214764,
        -0.20991995224540427,
        0,
        0.10470380013978163,
        1.6357777581601745,
        0.053544562793193834,
        0,
        -66.25164794921875,
        53.48292541503906,
        180.20556640625,
        1
      ],
      "name": "Group_132",
      "mesh": 82
    },
    {
      "matrix": [
        0.11824026722268988,
        -0.040045688651952294,
        0.9921771928579579,
        0,
        0.9406415622268618,
        -0.31560992685833317,
        -0.12483710312683924,
        0,
        0.49311715168714226,
        1.4694677270106085,
        0.0005437973138906361,
        0,
        -72.64521789550781,
        17.98387908935547,
        174.34619140625,
        1
      ],
      "name": "Group_131",
      "mesh": 83
    },
    {
      "matrix": [
        -2.44213668934279,
        0.13941922354635838,
        0.5162695487347354,
        0,
        0.06384416452217913,
        0.9974256576397592,
        0.032649351270106625,
        0,
        -0.3511472743617124,
        0.0775341337739281,
        -1.6819883972214078,
        0,
        -97.41018676757812,
        30.239288330078125,
        176.7052001953125,
        1
      ],
      "name": "Group_130",
      "mesh": 84
    },
    {
